405679
716310
284235
593669
368148
609461
112216
195000
279506
556473
377401
318304
518298
553713
324731
528825
596984
303029
213518
674853
668380
263852
773929
507278
539177
200294
336482
116136
217171
334824
579348
195552
224918
575384
305834
347920
128796
497709
213252
767856
641429
316988
156318
293028
624607
675010
403763
228483
763102
272985
325476
782331
269912
363275
268034
320050
770871
300245
606865
632351
337482
551782
394279
602634
300487
659025
129231
612942
654104
598664
440056
280661
372108
670824
390536
326800
143245
601970
575202
127613
612931
250711
460701
341310
456226
686004
175043
539916
547575
258832
246624
198836
180570
343748
438119
164169
174354
693216
794889
398921
607207
563752
251593
562110
330765
369987
506578
467261
502338
791981
182374
591510
787386
324491
751960
666098
224692
774126
149875
108162
557181
458032
479680
499968
569009
422478
664454
440819
231423
266824
121430
175258
679128
238763
601975
125998
357782
271976
258382
735836
480248
711482
105010
529250
650319
752524
361704
617874
526226
702543
719918
420065
745279
131518
696692
447408
258375
754350
427547
232526
612382
465970
761892
247625
656838
516322
311417
370812
361136
593064
102391
167476
632071
740507
121782
770192
690791
724605
136362
440804
438754
286312
626222
323222
492161
677894
589466
471673
583552
113863
701570
339501
536572
745048
652692
482490
675686
474324
642281
221974
346539
245349
477946
173898
445559
266836
388171
655845
203151
114034
419453
479996
565330
113403
468221
274761
567952
329167
467122
469840
423753
745137
778883
329634
374407
668329
104984
584969
582925
355656
206969
548060
138642
134548
578266
663139
136143
208964
174292
682462
687739
653496
254929
210412
337823
150537
506301
442878
447317
183414
614521
743958
587537
398398
324227
643236
348007
653750
584256
557146
662937
783226
338988
446889
552589
544596
609565
150482
790535
691639
146096
459436
664314
229747
410055
687004
227285
558587
345394
585286
152135
281449
167495
575158
797167
189147
318027
686426
178125
747266
219422
177529
537207
229336
241595
696940
677211
471786
643028
219091
746448
716166
373177
679523
618769
472191
193766
584902
785839
446282
261567
153872
154319
299839
388958
653898
343523
732589
689012
600711
171609
662328
422625
345409
694175
668605
767621
510875
264492
528157
151994
445999
221564
692313
222578
198974
305462
612546
685018
131375
776342
638474
497647
383781
760742
235591
534430
618632
287467
226504
424978
766042
728768
398233
530115
344217
587865
767761
621493
410389
516170
794975
560277
622950
673612
606849
691287
429033
028300
151484
750198
605933
688060
509814
612017
540070
529898
201093
323196
487539
141821
411956
276096
737918
256006
165102
271004
533327
797540
463945
707155
348318
160259
310985
627136
762309
676031
250336
610215
789964
694011
105133
142457
573139
597956
149558
741104
674872
463643
617526
317090
508797
386807
361604
263742
179599
222991
355475
139548
738153
665703
575324
718296
740877
668761
389074
770945
495328
389711
654778
141208
743913
735465
262355
744359
128874
520927
365928
587101
437518
581564
774421
457171
226617
759389
216691
748479
297504
176348
575314
193074
779828
141093
485932
168917
416764
566398
735697
777290
570454
476416
469984
564105
125196
660054
293868
553757
716189
735808
639399
225575
371561
563705
231897
785928
194030
105852
303595
747857
743118
162008
393746
443389
126970
312061
600277
555241
745965
295452
476296
496569
743727
450695
521438
792469
622818
134249
302950
142856
389543
612646
525260
678014
303188
165443
571201
666166
497141
294959
331769
299491
474613
303859
244087
623840
134339
223454
537080
563532
407642
452459
523695
110128
251842
672123
525222
670905
738063
510107
154187
215783
503140
480834
773414
613195
306049
176255
300635
399639
524177
268795
692437
781943
547172
329005
758704
122594
433085
334771
780501
320263
646327
549001
799257
132146
653111
305541
473349
608755
004161
412241
138236
415255
265496
559149
680613
587547
180940
580372
120684
390585
110722
759730
240028
142088
785463
350254
704958
285005
665676
484909
383476
723759
196622
508040
449861
153602
737712
657123
511312
307473
282761
527187
362573
724287
695402
190893
114361
759650
135140
260997
699023
278291
760639
347183
383684
617786
545091
154167
573521
352268
520358
747805
774170
278410
507853
127018
486713
376318
289782
752011
510866
439914
314774
663625
705242
173574
275410
193027
177893
675245
343551
308977
640279
710325
525153
619882
148489
608331
386584
184265
304205
450135
411925
245551
447307
591920
439415
153830
618901
626111
342847
196428
338497
387306
393071
449615
645766
409598
275620
780217
492301
762844
189391
744117
497185
785053
348929
647723
518947
545214
722956
142001
710935
159120
739456
242189
227831
196180
538064
658221
559585
407989
157462
328647
723449
304783
768695
747834
431091
498893
578999
618660
362471
673111
604198
568492
407313
288653
764900
